2775
41 49
94 84
57 70
80 77
54 64
80 52
55 99
68 44
49 42
39 25
34 50
25 78
98 33
34 37
71 45
85 77
86 46
22 34
47 39
56 32
48 11
78 26
45 15
16 80
47 99
26 91
72 23
11 83
46 70
71 66
53 33
16 42
71 24
18 61
72 19
83 90
97 16
29 29
82 48
20 41
25 81
63 87
86 89
38 76
58 67
66 48
85 64
49 82
89 17
88 22
36 90
37 43
94 20
30 40
32 80
19 30
10 62
67 98
86 70
47 14
39 46
46 99
68 19
97 39
43 90
85 94
35 64
24 79
38 92
29 44
28 19
17 31
49 86
82 46
66 25
69 98
48 99
61 44
74 79
73 66
20 86
15 65
51 87
42 13
21 39
96 83
85 12
96 44
83 15
32 70
76 93
66 45
33 84
65 91
72 21
70 54
62 52
51 95
23 30
52 62
