3453
46 94
61 80
14 68
21 50
42 51
24 61
75 10
94 79
69 62
16 34
76 56
89 73
90 66
16 36
44 80
26 46
66 99
72 25
13 90
87 40
30 49
80 11
80 62
21 38
24 69
25 92
29 73
47 75
44 63
71 70
41 68
80 28
59 34
86 75
27 18
45 63
53 74
44 10
46 48
85 84
94 72
29 67
78 71
54 52
80 79
58 68
51 34
99 40
83 59
39 62
15 50
70 58
59 94
93 29
73 14
26 74
85 52
22 66
22 77
68 11
28 62
93 29
19 70
43 53
89 98
60 93
20 52
96 78
58 50
90 72
79 14
89 18
40 90
97 46
39 21
65 22
91 22
66 31
98 48
13 15
51 17
47 55
57 65
28 41
77 62
82 97
33 31
32 20
88 58
89 97
40 73
84 28
39 69
91 42
68 42
95 11
69 46
96 79
30 19
66 54
